1953,1953,1953,1953,1953,1953,1953,1953,1953,1953,1953,1953,1953,1953,1953,
1953,1953,1953,1953,1953,1953,1953,1953,1953,1953,1953,1953,1953,1953,1953,
1953,1953,1953,1953,9554,1953,1953,1953,1953,1953,1953,1953,1953,1953,1953,
1953,1953,1953,1953,1953,1953,1953,1953,1953,1953,1953,1953,1953,1953,1953,
1953,1953,1953,1953,1953,1953,1953,1953,1953,1953,1953,1953,1953,1953,1953,
1953,1953,1953,1953,1953,10956,1953,1953,1953,10957,1953,1953,1953,1953,1953,
1953,1953,1953,1953,1953,10956,1953,1953,1953,10957,1953,1953,1953,1953,1953,
1953,1953,1953,1953,1953,1953,1953,1953,1953,1953,1953,1953,1953,1953,1953,
1953,1953,1953,1953,1953,1953,1953,1953,1953,1953,1953,1953,1953,1953,1953,
1953,1953,1953,1953,1953,1953,1953,1953,1953,1953,1953,1953,1953,1953,1953,
1953,1953,1953,1953,1953,1953,1953,1953,1953,1953,1953,1953,1953,1953,1953,
1953,1953,1953,1953,1953,1953,1953,1953,1953,1953,1953,1953,1953,1953,1953,
1953,1953,1953,1953,1953,1953,1953,1953,1953,1953,1953,1953,1953,1953,1953,
1953,1953,1953,1953,1953,1953,1953,1953,1953,1953,1953,1953,1953,1953,1953,
1953,1953,1953,1953,1953,1953,1953,1953,1953,1953,1953,1953,1953,1953,1953,
